0.000000000000000000e+00 0.000000000000000000e+00 0.000000000000000000e+00 2.999999932944774628e-02
3.317932831123471260e-03 4.205693257972598076e-04 0.000000000000000000e+00 3.084030933678150177e-02
6.477415561676025391e-03 1.668922952376306057e-03 0.000000000000000000e+00 3.167913854122161865e-02
9.324195794761180878e-03 3.705316688865423203e-03 0.000000000000000000e+00 3.251500427722930908e-02
1.171231456100940704e-02 6.464562378823757172e-03 0.000000000000000000e+00 3.334642201662063599e-02
1.350802648812532425e-02 9.857589378952980042e-03 0.000000000000000000e+00 3.417193144559860229e-02
1.459344662725925446e-02 1.377357263118028641e-02 0.000000000000000000e+00 3.499007970094680786e-02
1.486983243376016617e-02 1.808259449899196625e-02 0.000000000000000000e+00 3.579940646886825562e-02
1.426046434789896011e-02 2.263878844678401947e-02 0.000000000000000000e+00 3.659848868846893311e-02
1.271298434585332870e-02 2.728387713432312012e-02 0.000000000000000000e+00 3.738592937588691711e-02
1.020123902708292007e-02 3.185106068849563599e-02 0.000000000000000000e+00 3.816032037138938904e-02
6.726482417434453964e-03 3.616913780570030212e-02 0.000000000000000000e+00 3.892029449343681335e-02
2.317979699000716209e-03 4.006678238511085510e-02 0.000000000000000000e+00 3.966452181339263916e-02
-2.967047039419412613e-03 4.337690398097038269e-02 0.000000000000000000e+00 4.039167612791061401e-02
-9.044165723025798798e-03 4.594096541404724121e-02 0.000000000000000000e+00 4.110047966241836548e-02
-1.580299064517021179e-02 4.761318489909172058e-02 0.000000000000000000e+00 4.178967699408531189e-02
-2.310923859477043152e-02 4.826453328132629395e-02 0.000000000000000000e+00 4.245805367827415466e-02
-3.080727346241474152e-02 4.778636991977691650e-02 0.000000000000000000e+00 4.310443252325057983e-02
-3.872313722968101501e-02 4.609379172325134277e-02 0.000000000000000000e+00 4.372765868902206421e-02
-4.666829109191894531e-02 4.312836378812789917e-02 0.000000000000000000e+00 4.432664439082145691e-02
-5.444339290261268616e-02 3.886049240827560425e-02 0.000000000000000000e+00 4.490033537149429321e-02
-6.184284761548042297e-02 3.329103067517280579e-02 0.000000000000000000e+00 4.544769972562789917e-02
-6.865914911031723022e-02 2.645239979028701782e-02 0.000000000000000000e+00 4.596778377890586853e-02
-7.468782365322113037e-02 1.840889081358909607e-02 0.000000000000000000e+00 4.645967856049537659e-02
-7.973205298185348511e-02 9.256431832909584045e-03 0.000000000000000000e+00 4.692249372601509094e-02
-8.360742777585983276e-02 -8.784800302237272263e-04 0.000000000000000000e+00 4.735542461276054382e-02
-8.614660054445266724e-02 -1.184054184705018997e-02 0.000000000000000000e+00 4.775770381093025208e-02
-8.720356971025466919e-02 -2.344795130193233490e-02 0.000000000000000000e+00 4.812861979007720947e-02
-8.665768057107925415e-02 -3.549536317586898804e-02 0.000000000000000000e+00 4.846752062439918518e-02
-8.441716432571411133e-02 -4.775765910744667053e-02 0.000000000000000000e+00 4.877380654215812683e-02
-8.042226731777191162e-02 -5.999380722641944885e-02 0.000000000000000000e+00 4.904693365097045898e-02
-7.464761286973953247e-02 -7.195172458887100220e-02 0.000000000000000000e+00 4.928642883896827698e-02
-6.710413098335266113e-02 -8.337292075157165527e-02 0.000000000000000000e+00 4.949185624718666077e-02
-5.784004554152488708e-02 -9.399785846471786499e-02 0.000000000000000000e+00 4.966285824775695801e-02
-4.694123566150665283e-02 -1.035713329911231995e-01 0.000000000000000000e+00 4.979913681745529175e-02
-3.453111648559570312e-02 -1.118476986885070801e-01 0.000000000000000000e+00 4.990044608712196350e-02
-2.076906897127628326e-02 -1.185964792966842651e-01 0.000000000000000000e+00 4.996661096811294556e-02
-5.848775617778301239e-03 -1.236075088381767273e-01 0.000000000000000000e+00 4.999751597642898560e-02
1.000465638935565948e-02 -1.266959011554718018e-01 0.000000000000000000e+00 4.999309778213500977e-02
2.653769403696060181e-02 -1.277066320180892944e-01 0.000000000000000000e+00 4.995337501168251038e-02
4.347295314073562622e-02 -1.265187263488769531e-01 0.000000000000000000e+00 4.987841099500656128e-02
6.051362305879592896e-02 -1.230488568544387817e-01 0.000000000000000000e+00 4.976833611726760864e-02
7.734827697277069092e-02 -1.172542572021484375e-01 0.000000000000000000e+00 4.962335526943206787e-02
9.365709125995635986e-02 -1.091349646449089050e-01 0.000000000000000000e+00 4.944371432065963745e-02
1.091173067688941956e-01 -9.873522818088531494e-02 0.000000000000000000e+00 4.922972992062568665e-02
1.234095916152000427e-01 -8.614420145750045776e-02 0.000000000000000000e+00 4.898178949952125549e-02
1.362239867448806763e-01 -7.149588316679000854e-02 0.000000000000000000e+00 4.870032519102096558e-02
1.472665667533874512e-01 -5.496771261096000671e-02 0.000000000000000000e+00 4.838583245873451233e-02
1.562653034925460815e-01 -3.677878901362419128e-02 0.000000000000000000e+00 4.803886637091636658e-02
1.629758328199386597e-01 -1.718716137111186981e-02 0.000000000000000000e+00 4.766004532575607300e-02
1.671871542930603027e-01 3.513715229928493500e-03 0.000000000000000000e+00 4.725003615021705627e-02
1.687265336513519287e-01 2.499979920685291290e-02 0.000000000000000000e+00 4.680955782532691956e-02
1.674638837575912476e-01 4.692105203866958618e-02 0.000000000000000000e+00 4.633939638733863831e-02
1.633156687021255493e-01 6.890732049942016602e-02 0.000000000000000000e+00 4.584037885069847107e-02
1.562475860118865967e-01 9.057469666004180908e-02 0.000000000000000000e+00 4.531338065862655640e-02
1.462770700454711914e-01 1.115316525101661682e-01 0.000000000000000000e+00 4.475934058427810669e-02
1.334743052721023560e-01 1.313868612051010132e-01 0.000000000000000000e+00 4.417923092842102051e-02
1.179623976349830627e-01 1.497555971145629883e-01 0.000000000000000000e+00 4.357408359646797180e-02
9.991680830717086792e-02 1.662673652172088623e-01 0.000000000000000000e+00 4.294496029615402222e-02
7.956409454345703125e-02 1.805726289749145508e-01 0.000000000000000000e+00 4.229297861456871033e-02
5.717845261096954346e-02 1.923502683639526367e-01 0.000000000000000000e+00 4.161928594112396240e-02
3.307881578803062439e-02 2.013137936592102051e-01 0.000000000000000000e+00 4.092506691813468933e-02
7.623856421560049057e-03 2.072176337242126465e-01 0.000000000000000000e+00 4.021155834197998047e-02
-1.879254169762134552e-02 2.098626196384429932e-01 0.000000000000000000e+00 3.948001563549041748e-02
-4.574839770793914795e-02 2.091007530689239502e-01 0.000000000000000000e+00 3.873172774910926819e-02
-7.279980927705764771e-02 2.048393487930297852e-01 0.000000000000000000e+00 3.796801716089248657e-02
-9.948772192001342773e-02 1.970443427562713623e-01 0.000000000000000000e+00 3.719024360179901123e-02
-1.253473162651062012e-01 1.857417672872543335e-01 0.000000000000000000e+00 3.639975935220718384e-02
-1.499140858650207520e-01 1.710198074579238892e-01 0.000000000000000000e+00 3.559797629714012146e-02
-1.727330386638641357e-01 1.530284881591796875e-01 0.000000000000000000e+00 3.478631004691123962e-02
-1.933677196502685547e-01 1.319778263568878174e-01 0.000000000000000000e+00 3.396618738770484924e-02
-2.114065289497375488e-01 1.081372499465942383e-01 0.000000000000000000e+00 3.313906863331794739e-02
-2.264720946550369263e-01 8.183101564645767212e-02 0.000000000000000000e+00 3.230639174580574036e-02
-2.382280379533767700e-01 5.343439802527427673e-02 0.000000000000000000e+00 3.146965801715850830e-02
-2.463858723640441895e-01 2.336899936199188232e-02 0.000000000000000000e+00 3.063031658530235291e-02
-2.507115304470062256e-01 -7.905073463916778564e-03 0.000000000000000000e+00 2.978986687958240509e-02
-2.510302960872650146e-01 -3.989438712596893311e-02 0.000000000000000000e+00 2.894978784024715424e-02
-2.472317516803741455e-01 -7.208067178726196289e-02 0.000000000000000000e+00 2.811156585812568665e-02
-2.392725795507431030e-01 -1.039304882287979126e-01 0.000000000000000000e+00 2.727667428553104401e-02
-2.271795719861984253e-01 -1.349018067121505737e-01 0.000000000000000000e+00 2.644658833742141724e-02
-2.110505402088165283e-01 -1.644543260335922241e-01 0.000000000000000000e+00 2.562278136610984802e-02
-1.910535991191864014e-01 -1.920597255229949951e-01 0.000000000000000000e+00 2.480671182274818420e-02
-1.674271225929260254e-01 -2.172091752290725708e-01 0.000000000000000000e+00 2.399980835616588593e-02
-1.404767185449600220e-01 -2.394234240055084229e-01 0.000000000000000000e+00 2.320350334048271179e-02
-1.105702370405197144e-01 -2.582624852657318115e-01 0.000000000000000000e+00 2.241920307278633118e-02
-7.813547551631927490e-02 -2.733321785926818848e-01 0.000000000000000000e+00 2.164828963577747345e-02
-4.365106672048568726e-02 -2.842937707901000977e-01 0.000000000000000000e+00 2.089212462306022644e-02
-7.642237003892660141e-03 -2.908695340156555176e-01 0.000000000000000000e+00 2.015203982591629028e-02
2.932824753224849701e-02 -2.928494215011596680e-01 0.000000000000000000e+00 1.942935585975646973e-02
6.667061895132064819e-02 -2.900962531566619873e-01 0.000000000000000000e+00 1.872533746063709259e-02
1.037742346525192261e-01 -2.825489640235900879e-01 0.000000000000000000e+00 1.804122701287269592e-02
1.400194466114044189e-01 -2.702260911464691162e-01 0.000000000000000000e+00 1.737825199961662292e-02
1.747889667749404907e-01 -2.532259225845336914e-01 0.000000000000000000e+00 1.673754863440990448e-02
2.074755579233169556e-01 -2.317277789115905762e-01 0.000000000000000000e+00 1.612027920782566071e-02
2.374949008226394653e-01 -2.059896141290664673e-01 0.000000000000000000e+00 1.552752126008272171e-02
2.642950415611267090e-01 -1.763455569744110107e-01 0.000000000000000000e+00 1.496032439172267914e-02
2.873659729957580566e-01 -1.432022601366043091e-01 0.000000000000000000e+00 1.441967580467462540e-02
3.062497079372406006e-01 -1.070326641201972961e-01 0.000000000000000000e+00 1.390656549483537674e-02
3.205490410327911377e-01 -6.836958229541778564e-02 0.000000000000000000e+00 1.342186052352190018e-02
3.299345970153808594e-01 -2.779890038073062897e-02 0.000000000000000000e+00 1.296644750982522964e-02
3.341528475284576416e-01 1.405175868421792984e-02 0.000000000000000000e+00 1.254110224545001984e-02
3.330306708812713623e-01 5.651928856968879700e-02 0.000000000000000000e+00 1.214659865945577621e-02
3.264804482460021973e-01 9.891927242279052734e-02 0.000000000000000000e+00 1.178362965583801270e-02
3.145030438899993896e-01 1.405538469552993774e-01 0.000000000000000000e+00 1.145282853394746780e-02
2.971896231174468994e-01 1.807243973016738892e-01 0.000000000000000000e+00 1.115478388965129852e-02
2.747206389904022217e-01 2.187448740005493164e-01 0.000000000000000000e+00 1.089002192020416260e-02
2.473665326833724976e-01 2.539501190185546875e-01 0.000000000000000000e+00 1.065901014953851700e-02
2.154823392629623413e-01 2.857109606266021729e-01 0.000000000000000000e+00 1.046215184032917023e-02
1.795055866241455078e-01 3.134422600269317627e-01 0.000000000000000000e+00 1.029980648308992386e-02
1.399494707584381104e-01 3.366150856018066406e-01 0.000000000000000000e+00 1.017224881798028946e-02
9.739430248737335205e-02 3.547669351100921631e-01 0.000000000000000000e+00 1.007970888167619705e-02
5.248177424073219299e-02 3.675090372562408447e-01 0.000000000000000000e+00 1.002235151827335358e-02
5.903914570808410645e-03 3.745354413986206055e-01 0.000000000000000000e+00 1.000027544796466827e-02
-4.160913825035095215e-02 3.756288886070251465e-01 0.000000000000000000e+00 1.001352164894342422e-02
-8.929722011089324951e-02 3.706662952899932861e-01 0.000000000000000000e+00 1.006206590682268143e-02
-1.363858729600906372e-01 3.596218526363372803e-01 0.000000000000000000e+00 1.014582160860300064e-02
-1.820957511663436890e-01 3.425696492195129395e-01 0.000000000000000000e+00 1.026464160531759262e-02
-2.256568521261215210e-01 3.196842670440673828e-01 0.000000000000000000e+00 1.041831728070974350e-02
-2.663230895996093750e-01 2.912381589412689209e-01 0.000000000000000000e+00 1.060657761991024017e-02
-3.033814430236816406e-01 2.576010823249816895e-01 0.000000000000000000e+00 1.082908269017934799e-02
-3.361680805683135986e-01 2.192327529191970825e-01 0.000000000000000000e+00 1.108545064926147461e-02
-3.640771508216857910e-01 1.766792386770248413e-01 0.000000000000000000e+00 1.137522421777248383e-02
-3.865730166435241699e-01 1.305645555257797241e-01 0.000000000000000000e+00 1.169788837432861328e-02
-4.032010138034820557e-01 8.157949894666671753e-02 0.000000000000000000e+00 1.205287408083677292e-02
-4.135944843292236328e-01 3.047487698495388031e-02 0.000000000000000000e+00 1.243955828249454498e-02
-4.174834191799163818e-01 -2.195180393755435944e-02 0.000000000000000000e+00 1.285725459456443787e-02
-4.147002100944519043e-01 -7.487058639526367188e-02 0.000000000000000000e+00 1.330522634088993073e-02
-4.051836431026458740e-01 -1.274285018444061279e-01 0.000000000000000000e+00 1.378268655389547348e-02
-3.889822065830230713e-01 -1.787651032209396362e-01 0.000000000000000000e+00 1.428878121078014374e-02
-3.662537634372711182e-01 -2.280284911394119263e-01 0.000000000000000000e+00 1.482262555509805679e-02
-3.372659683227539062e-01 -2.743857204914093018e-01 0.000000000000000000e+00 1.538327988237142563e-02
-3.023932576179504395e-01 -3.170387744903564453e-01 0.000000000000000000e+00 1.596974767744541168e-02
-2.621112167835235596e-01 -3.552390933036804199e-01 0.000000000000000000e+00 1.658098399639129639e-02
-2.169898748397827148e-01 -3.882997035980224609e-01 0.000000000000000000e+00 1.721592992544174194e-02
-1.676904410123825073e-01 -4.156052768230438232e-01 0.000000000000000000e+00 1.787345670163631439e-02
-1.149487569928169250e-01 -4.366274178028106689e-01 0.000000000000000000e+00 1.855239272117614746e-02
-5.956743285059928894e-02 -4.509320557117462158e-01 0.000000000000000000e+00 1.925154961645603180e-02
-2.407791558653116226e-03 -4.581876397132873535e-01 0.000000000000000000e+00 1.996968127787113190e-02
5.563116073608398438e-02 -4.581734240055084229e-01 0.000000000000000000e+00 2.070553414523601532e-02
1.136233061552047729e-01 -4.507836103439331055e-01 0.000000000000000000e+00 2.145780436694622040e-02
1.706258356571197510e-01 -4.360317885875701904e-01 0.000000000000000000e+00 2.222515642642974854e-02
2.257028073072433472e-01 -4.140510559082031250e-01 0.000000000000000000e+00 2.300623618066310883e-02
2.779355943202972412e-01 -3.850938379764556885e-01 0.000000000000000000e+00 2.379967086017131805e-02
3.264379501342773438e-01 -3.495306372642517090e-01 0.000000000000000000e+00 2.460405975580215454e-02
3.703719675540924072e-01 -3.078444898128509521e-01 0.000000000000000000e+00 2.541797608137130737e-02
4.089636504650115967e-01 -2.606242895126342773e-01 0.000000000000000000e+00 2.623998001217842102e-02
4.415153563022613525e-01 -2.085557430982589722e-01 0.000000000000000000e+00 2.706863172352313995e-02
4.674160480499267578e-01 -1.524167954921722412e-01 0.000000000000000000e+00 2.790246345102787018e-02
4.861568808555603027e-01 -9.305845201015472412e-02 0.000000000000000000e+00 2.873999439179897308e-02
4.973377883434295654e-01 -3.139512985944747925e-02 0.000000000000000000e+00 2.957975491881370544e-02
5.006757378578186035e-01 3.160443156957626343e-02 0.000000000000000000e+00 3.042024001479148865e-02
4.960119724273681641e-01 9.494188427925109863e-02 0.000000000000000000e+00 3.125999122858047485e-02
4.833149909973144531e-01 1.575996875762939453e-01 0.000000000000000000e+00 3.209752216935157776e-02
4.626844823360443115e-01 2.185536772012710571e-01 0.000000000000000000e+00 3.293135017156600952e-02
4.343492388725280762e-01 2.767984569072723389e-01 0.000000000000000000e+00 3.375999256968498230e-02
3.986652195453643799e-01 3.313592672348022461e-01 0.000000000000000000e+00 3.458200395107269287e-02
3.561152219772338867e-01 3.813051283359527588e-01 0.000000000000000000e+00 3.539592027664184570e-02
3.072968721389770508e-01 4.257714748382568359e-01 0.000000000000000000e+00 3.620030358433723450e-02
2.529165446758270264e-01 4.639714062213897705e-01 0.000000000000000000e+00 3.699375316500663757e-02
1.937835961580276489e-01 4.952069222927093506e-01 0.000000000000000000e+00 3.777482360601425171e-02
1.307908594608306885e-01 5.188872218132019043e-01 0.000000000000000000e+00 3.854218870401382446e-02
6.490452587604522705e-02 5.345355272293090820e-01 0.000000000000000000e+00 3.929445520043373108e-02
-2.845647977665066719e-03 5.417985916137695312e-01 0.000000000000000000e+00 4.003030806779861450e-02
-7.139179110527038574e-02 5.404555797576904297e-01 0.000000000000000000e+00 4.074844345450401306e-02
-1.396399587392807007e-01 5.304219126701354980e-01 0.000000000000000000e+00 4.144759848713874817e-02
-2.064830511808395386e-01 5.117533206939697266e-01 0.000000000000000000e+00 4.212653264403343201e-02
-2.708280682563781738e-01 4.846455156803131104e-01 0.000000000000000000e+00 4.278405383229255676e-02
-3.316077888011932373e-01 4.494331777095794678e-01 0.000000000000000000e+00 4.341899603605270386e-02
-3.878009021282196045e-01 4.065851867198944092e-01 0.000000000000000000e+00 4.403023794293403625e-02
-4.384447634220123291e-01 3.567026555538177490e-01 0.000000000000000000e+00 4.461670666933059692e-02
-4.826586544513702393e-01 3.005047440528869629e-01 0.000000000000000000e+00 4.517735540866851807e-02
-5.196552276611328125e-01 2.388204634189605713e-01 0.000000000000000000e+00 4.571120813488960266e-02
-5.487521886825561523e-01 1.725818663835525513e-01 0.000000000000000000e+00 4.621729999780654907e-02
-5.693895220756530762e-01 1.028009504079818726e-01 0.000000000000000000e+00 4.669476673007011414e-02
-5.811368227005004883e-01 3.055854700505733490e-02 0.000000000000000000e+00 4.714273661375045776e-02
-5.837020277976989746e-01 -4.300725832581520081e-02 0.000000000000000000e+00 4.756043478846549988e-02
-5.769385099411010742e-01 -1.167291551828384399e-01 0.000000000000000000e+00 4.794711992144584656e-02
-5.608483552932739258e-01 -1.894240677356719971e-01 0.000000000000000000e+00 4.830210655927658081e-02
-5.355852842330932617e-01 -2.599067687988281250e-01 0.000000000000000000e+00 4.862476885318756104e-02
-5.014521479606628418e-01 -3.270199894905090332e-01 0.000000000000000000e+00 4.891454055905342102e-02
-4.588974416255950928e-01 -3.896473944187164307e-01 0.000000000000000000e+00 4.917091131210327148e-02
-4.085137844085693359e-01 -4.467285275459289551e-01 0.000000000000000000e+00 4.939341545104980469e-02
-3.510239124298095703e-01 -4.972851276397705078e-01 0.000000000000000000e+00 4.958167672157287598e-02
-2.872724533081054688e-01 -5.404328107833862305e-01 0.000000000000000000e+00 4.973535612225532532e-02
-2.182189971208572388e-01 -5.753942728042602539e-01 0.000000000000000000e+00 4.985417798161506653e-02
-1.449147611856460571e-01 -6.015192270278930664e-01 0.000000000000000000e+00 4.993792995810508728e-02
-6.849111616611480713e-02 -6.182916164398193359e-01 0.000000000000000000e+00 4.998647421598434448e-02
9.855671785771846771e-03 -6.253404617309570312e-01 0.000000000000000000e+00 4.999972507357597351e-02
8.888630568981170654e-02 -6.224479079246520996e-01 0.000000000000000000e+00 4.997764900326728821e-02
1.673394143581390381e-01 -6.095545887947082520e-01 0.000000000000000000e+00 4.992029070854187012e-02
2.439469844102859497e-01 -5.867609381675720215e-01 0.000000000000000000e+00 4.982775077223777771e-02
3.174574077129364014e-01 -5.543293356895446777e-01 0.000000000000000000e+00 4.970019310712814331e-02
3.866585195064544678e-01 -5.126786231994628906e-01 0.000000000000000000e+00 4.953784495592117310e-02
4.503924846649169922e-01 -4.623821377754211426e-01 0.000000000000000000e+00 4.934099316596984863e-02
5.075778961181640625e-01 -4.041586220264434814e-01 0.000000000000000000e+00 4.910998418927192688e-02
5.572289824485778809e-01 -3.388606309890747070e-01 0.000000000000000000e+00 4.884522035717964172e-02
5.984714627265930176e-01 -2.674624919891357422e-01 0.000000000000000000e+00 4.854716733098030090e-02
6.305548548698425293e-01 -1.910517662763595581e-01 0.000000000000000000e+00 4.821637272834777832e-02
6.528714895248413086e-01 -1.108029931783676147e-01 0.000000000000000000e+00 4.785341024398803711e-02
6.649640798568725586e-01 -2.796486765146255493e-02 0.000000000000000000e+00 4.745890200138092041e-02
6.665347814559936523e-01 5.615752190351486206e-02 0.000000000000000000e+00 4.703355580568313599e-02
6.574530005455017090e-01 1.402255594730377197e-01 0.000000000000000000e+00 4.657814651727676392e-02
6.377581357955932617e-01 2.228900343179702759e-01 0.000000000000000000e+00 4.609344154596328735e-02
6.076598167419433594e-01 3.028118610382080078e-01 0.000000000000000000e+00 4.558033123612403870e-02
5.675398707389831543e-01 3.786772489547729492e-01 0.000000000000000000e+00 4.503967985510826111e-02
5.179430246353149414e-01 4.492304921150207520e-01 0.000000000000000000e+00 4.447247460484504700e-02
4.595705270767211914e-01 5.132884979248046875e-01 0.000000000000000000e+00 4.387972503900527954e-02
3.932767808437347412e-01 5.697571635246276855e-01 0.000000000000000000e+00 4.326247051358222961e-02
3.200471401214599609e-01 6.176583170890808105e-01 0.000000000000000000e+00 4.262176156044006348e-02
2.409876883029937744e-01 6.561411619186401367e-01 0.000000000000000000e+00 4.195876792073249817e-02
1.573146283626556396e-01 6.844962239265441895e-01 0.000000000000000000e+00 4.127467796206474304e-02
7.032416760921478271e-02 7.021727561950683594e-01 0.000000000000000000e+00 4.057064652442932129e-02
-1.861940883100032806e-02 7.087855935096740723e-01 0.000000000000000000e+00 3.984797373414039612e-02
-1.081105619668960571e-01 7.041232585906982422e-01 0.000000000000000000e+00 3.910788521170616150e-02
-1.967146098613739014e-01 6.881548762321472168e-01 0.000000000000000000e+00 3.835171833634376526e-02
-2.830043137073516846e-01 6.610301733016967773e-01 0.000000000000000000e+00 3.758080676198005676e-02
-3.655762076377868652e-01 6.230788826942443848e-01 0.000000000000000000e+00 3.679652139544487000e-02
-4.430676996707916260e-01 5.748109221458435059e-01 0.000000000000000000e+00 3.600019961595535278e-02
-5.141914486885070801e-01 5.169036984443664551e-01 0.000000000000000000e+00 3.519328311085700989e-02
-5.777496099472045898e-01 4.501953721046447754e-01 0.000000000000000000e+00 3.437722846865653992e-02
-6.326508522033691406e-01 3.756777048110961914e-01 0.000000000000000000e+00 3.355343639850616455e-02
-6.779376864433288574e-01 2.944726347923278809e-01 0.000000000000000000e+00 3.272334113717079163e-02
-7.127973437309265137e-01 2.078190296888351440e-01 0.000000000000000000e+00 3.188843652606010437e-02
-7.365753054618835449e-01 1.170605868101119995e-01 0.000000000000000000e+00 3.105022944509983063e-02
-7.487916350364685059e-01 2.361304685473442078e-02 0.000000000000000000e+00 3.021013550460338593e-02
-7.491466999053955078e-01 -7.105004042387008667e-02 0.000000000000000000e+00 2.936970070004463196e-02
-7.375283241271972656e-01 -1.654249578714370728e-01 0.000000000000000000e+00 2.853034995496273041e-02
-7.140172719955444336e-01 -2.579919397830963135e-01 0.000000000000000000e+00 2.769361250102519989e-02
-6.788847446441650391e-01 -3.472542166709899902e-01 0.000000000000000000e+00 2.686094120144844055e-02
-6.325898766517639160e-01 -4.317542612552642822e-01 0.000000000000000000e+00 2.603383176028728485e-02
-5.757790207862854004e-01 -5.100925564765930176e-01 0.000000000000000000e+00 2.521369792520999908e-02
-5.092694759368896484e-01 -5.809621214866638184e-01 0.000000000000000000e+00 2.440201677381992340e-02
-4.340402483940124512e-01 -6.431642174720764160e-01 0.000000000000000000e+00 2.360024861991405487e-02
-3.512248098850250244e-01 -6.956247687339782715e-01 0.000000000000000000e+00 2.280975878238677979e-02
-2.620824873447418213e-01 -7.374204993247985840e-01 0.000000000000000000e+00 2.203199453651905060e-02
-1.679845452308654785e-01 -7.677913308143615723e-01 0.000000000000000000e+00 2.126827277243137360e-02
-7.040026038885116577e-02 -7.861517667770385742e-01 0.000000000000000000e+00 2.051998488605022430e-02
2.913939207792282104e-02 -7.921063303947448730e-01 0.000000000000000000e+00 1.978844404220581055e-02
1.290570348501205444e-01 -7.854545712471008301e-01 0.000000000000000000e+00 1.907494850456714630e-02
2.277581244707107544e-01 -7.661960124969482422e-01 0.000000000000000000e+00 1.838072203099727631e-02
3.236473500728607178e-01 -7.345340847969055176e-01 0.000000000000000000e+00 1.770702749490737915e-02
4.151680469512939453e-01 -6.908717155456542969e-01 0.000000000000000000e+00 1.705504767596721649e-02
5.008205771446228027e-01 -6.358062624931335449e-01 0.000000000000000000e+00 1.642591319978237152e-02
5.791806578636169434e-01 -5.701276063919067383e-01 0.000000000000000000e+00 1.582077518105506897e-02
6.489358544349670410e-01 -4.947982728481292725e-01 0.000000000000000000e+00 1.524066086858510971e-02
7.088998556137084961e-01 -4.109427332878112793e-01 0.000000000000000000e+00 1.468662917613983154e-02
7.580298781394958496e-01 -3.198372125625610352e-01 0.000000000000000000e+00 1.415962353348731995e-02
7.954522967338562012e-01 -2.228790074586868286e-01 0.000000000000000000e+00 1.366061437875032425e-02
8.204737305641174316e-01 -1.215699687600135803e-01 0.000000000000000000e+00 1.319044176489114761e-02
8.325920104980468750e-01 -1.750126481056213379e-02 0.000000000000000000e+00 1.274996530264616013e-02
8.315097689628601074e-01 8.768601715564727783e-02 0.000000000000000000e+00 1.233995519578456879e-02
8.171383142471313477e-01 1.923179626464843750e-01 0.000000000000000000e+00 1.196114160120487213e-02
7.896005511283874512e-01 2.947176694869995117e-01 0.000000000000000000e+00 1.161417085677385330e-02
7.492336034774780273e-01 3.932240903377532959e-01 0.000000000000000000e+00 1.129967905580997467e-02
6.965796351432800293e-01 4.862346947193145752e-01 0.000000000000000000e+00 1.101820915937423706e-02
6.323863863945007324e-01 5.722132921218872070e-01 0.000000000000000000e+00 1.077026780694723129e-02
5.575892329216003418e-01 6.497312784194946289e-01 0.000000000000000000e+00 1.055628992617130280e-02
4.733013808727264404e-01 7.174819707870483398e-01 0.000000000000000000e+00 1.037664525210857391e-02
3.807951509952545166e-01 7.743062973022460938e-01 0.000000000000000000e+00 1.023166533559560776e-02
2.814909219741821289e-01 8.192076086997985840e-01 0.000000000000000000e+00 1.012159232050180435e-02
1.769197136163711548e-01 8.513770699501037598e-01 0.000000000000000000e+00 1.004662457853555679e-02
6.871863454580307007e-02 8.702005743980407715e-01 0.000000000000000000e+00 1.000689994543790817e-02
-4.141188412904739380e-02 8.752750754356384277e-01 0.000000000000000000e+00 1.000248175114393234e-02
-1.517252177000045776e-01 8.664139509201049805e-01 0.000000000000000000e+00 1.003338675945997238e-02
-2.604583799839019775e-01 8.436526656150817871e-01 0.000000000000000000e+00 1.009954884648323059e-02
-3.658626079559326172e-01 8.072484731674194336e-01 0.000000000000000000e+00 1.020085997879505157e-02
-4.662243425846099854e-01 7.576807141304016113e-01 0.000000000000000000e+00 1.033713761717081070e-02
-5.598981976509094238e-01 6.956443786621093750e-01 0.000000000000000000e+00 1.050814334303140640e-02
-6.453384160995483398e-01 6.220365762710571289e-01 0.000000000000000000e+00 1.071357075124979019e-02
-7.211171388626098633e-01 5.379478335380554199e-01 0.000000000000000000e+00 1.095305848866701126e-02
-7.859504818916320801e-01 4.446445405483245850e-01 0.000000000000000000e+00 1.122619118541479111e-02
-8.387213349342346191e-01 3.435473740100860596e-01 0.000000000000000000e+00 1.153247058391571045e-02
-8.784949779510498047e-01 2.362175881862640381e-01 0.000000000000000000e+00 1.187138166278600693e-02
-9.045390486717224121e-01 1.243278980255126953e-01 0.000000000000000000e+00 1.224229112267494202e-02
-9.163373708724975586e-01 9.631057269871234894e-03 0.000000000000000000e+00 1.264457218348979950e-02
-9.135967493057250977e-01 -1.060595139861106873e-01 0.000000000000000000e+00 1.307749934494495392e-02
-8.962549567222595215e-01 -2.209021449089050293e-01 0.000000000000000000e+00 1.354031544178724289e-02
-8.644830584526062012e-01 -3.330544233322143555e-01 0.000000000000000000e+00 1.403219532221555710e-02
-8.186818957328796387e-01 -4.407090842723846436e-01 0.000000000000000000e+00 1.455229707062244415e-02
-7.594865560531616211e-01 -5.421023368835449219e-01 0.000000000000000000e+00 1.509965490549802780e-02
-6.877450346946716309e-01 -6.355738639831542969e-01 0.000000000000000000e+00 1.567335054278373718e-02
-6.045140624046325684e-01 -7.195729613304138184e-01 0.000000000000000000e+00 1.627233624458312988e-02
-5.110419988632202148e-01 -7.926892042160034180e-01 0.000000000000000000e+00 1.689555309712886810e-02
-4.087496399879455566e-01 -8.536764979362487793e-01 0.000000000000000000e+00 1.754193753004074097e-02
-2.992066442966461182e-01 -9.014751911163330078e-01 0.000000000000000000e+00 1.821030490100383759e-02
-1.841149628162384033e-01 -9.352265000343322754e-01 0.000000000000000000e+00 1.889952458441257477e-02
-6.527753919363021851e-02 -9.542916417121887207e-01 0.000000000000000000e+00 1.960831321775913239e-02
5.543493852019309998e-02 -9.582639932632446289e-01 0.000000000000000000e+00 2.033546753227710724e-02
1.761072725057601929e-01 -9.469746351242065430e-01 0.000000000000000000e+00 2.107969112694263458e-02
2.948108017444610596e-01 -9.204971790313720703e-01 0.000000000000000000e+00 2.183966524899005890e-02
4.096349775791168213e-01 -8.791497349739074707e-01 0.000000000000000000e+00 2.261404134333133698e-02
5.187233090400695801e-01 -8.234866261482238770e-01 0.000000000000000000e+00 2.340150438249111176e-02
6.202827095985412598e-01 -7.543039321899414062e-01 0.000000000000000000e+00 2.420057356357574463e-02
7.126444578170776367e-01 -6.726117134094238281e-01 0.000000000000000000e+00 2.500991523265838623e-02
7.942695617675781250e-01 -5.796295404434204102e-01 0.000000000000000000e+00 2.582805976271629333e-02
8.637807369232177734e-01 -4.767658710479736328e-01 0.000000000000000000e+00 2.665355429053306580e-02
9.199849963188171387e-01 -3.655967116355895996e-01 0.000000000000000000e+00 2.748498693108558655e-02
9.618960022926330566e-01 -2.478359639644622803e-01 0.000000000000000000e+00 2.832084894180297852e-02
9.887437224388122559e-01 -1.253315210342407227e-01 0.000000000000000000e+00 2.915969304740428925e-02
9.999998807907104492e-01 -2.808919816743582487e-06 0.000000000000000000e+00 2.999998815357685089e-02
